R = 1.667
L = 208.3*10^(-6)
C = 46.67*10^(-9)
Vin = 12
